PC1	PC2	PC3	PC4	PC5	PC6	PC7	PC8	PC9
Mock_1_readcount	-104.529974170955	134.07427160391	-16.3981016836413	2.90224962655129	-1.80079588421417	2.02056568673174	8.67968248499252	-113.451139602504	4.50450480138798e-12
Mock_2_readcount	-163.960775399367	26.857872583469	-6.6209001233663	1.28959466603021	16.6015610800667	10.0354986738835	112.30660322902	58.2221165963273	-8.08554307220929e-13
Mock_3_readcount	-116.784259658869	128.669449410162	-12.5324121636001	0.262770593849611	-12.4413484078683	-6.92897206317838	-102.452578082987	63.2617572757192	4.52558326371425e-12
NT_1_readcount	-17.9631898679947	-101.22471565285	97.3911759138507	0.248221342023068	124.700504280105	11.6955986443293	-29.6187260234165	-11.6346353318843	-6.71303454719083e-12
NT_2_readcount	-27.5371347555772	-133.760416226061	29.9612451142303	1.24334769777754	-90.9987570393461	106.737946355854	-14.6542364524679	-9.05659099449073	-3.09770161995362e-12
NT_3_readcount	-26.7746193407523	-123.960508733071	24.6312558195527	-7.88341881786941	-58.9599225237608	-131.153873915766	-0.732835322494718	-9.04922420578192	-7.03860442694861e-12
T_1_readcount	233.664335363682	137.083812036716	97.5924273612111	15.0195209161518	-27.2015248306937	-1.77732904630211	28.0291043564115	15.9655450001192	1.04714863861965e-11
T_2_readcount	105.681014133452	-47.897255945362	-117.025553643309	126.96167484492	26.3262843529345	0.570939955726748	-2.85513886218395	2.78918633124295	-1.37323622627003e-12
T_3_readcount	118.204603696382	-19.842509076874	-96.9991365949307	-140.043960869434	23.7739989727723	8.79962570872233	1.29812467313495	2.95298493125274	-4.81904131806625e-13
